x;y;z;vx;vy;vz
-7.077529840171337;-0.5674839019775391;2.5376804172992706;17.741450214385985;-359.24449930191037;229.146014213562
-7.222393713891506;-0.7748007774353027;1.3099037110805511;-106.62381992340089;-442.38435993194577;178.68168926239014
-9.489104524254799;0.8412837982177734;-0.8266478776931763;-77.08146915435792;-492.5531555175781;195.25881385803223
-9.88972820341587;-2.346789836883545;0.1470521092414856;-14.268636560440063;-466.3843370437622;190.66721534729004
-6.552581302821636;-0.0949859619140625;0.5840510129928589;27.67681016921997;-500.2161479949951;226.1858139038086
-6.457161717116833;1.0959863662719727;1.8217206001281738;-93.36770639419557;-436.55564079284665;216.44800758361816
-10.346754267811775;0.17141103744506836;1.858896017074585;-33.148054933547975;-435.3076482772827;175.7593116760254
-6.818674318492413;1.7187952995300293;1.8374785780906677;-93.17061767578126;-582.1690631866455;237.61150932312012
-10.970694199204445;-0.9917020797729492;-0.38665831089019775;-17.47940526008606;-558.0719829559326;195.68819618225098
-7.806791178882122;2.0247817039489746;-1.3730227947235107;-142.47787342071533;-536.310241317749;177.88390731811523
-10.020749643445015;-1.2976884841918945;0.49655288457870483;-34.91405889987946;-381.7849040985107;355.95097160339355
-7.646341435611248;-2.2700071334838867;-0.537872314453125;-21.49259970188141;-513.8403678894043;189.44521522521973
-8.511494658887386;1.4793992042541504;-1.705142855644226;-47.315347051620485;-487.7871490478515;247.76307678222653
-10.47246940433979;-1.0547161102294922;0.006951391696929932;44.376958751678465;-523.5156036376953;241.70909500122067
-7.790644280612469;-1.7180085182189941;-0.9105116128921509;-27.881278252601625;-438.05933723449704;218.09577083587646
-10.041679814457893;-0.2113938331604004;-0.17579644918441772;-2.391779279708862;-536.398303604126;79.23251724243164
-6.320650689303875;-0.9232878684997559;2.0077720284461975;3.8560904502868656;-472.5227619171142;251.08429527282712
-9.717584028840065;1.9732117652893066;0.547434389591217;-67.00832233428956;-528.1581569671631;315.0530490875244
-8.090057037770748;0.03730058670043945;-2.1285921335220337;-63.1106041431427;-502.1049667358398;299.498010635376
-9.043642692267895;2.5671958923339844;-0.5244657397270203;-42.10216627120972;-447.71371612548825;149.29214572906494
-8.736406825482845;2.152884006500244;0.8375197649002075;-84.53677282333375;-564.0643096923828;280.9470520019531
-10.015830025076866;-1.3868093490600586;1.4092996716499329;-86.6638360977173;-558.3274723052979;224.3364200592041
-9.170779399573803;1.1062145233154297;2.1492406725883484;-118.90424594879151;-517.5739170074463;163.72629261016846
-8.911834470927715;-0.3638148307800293;-2.8905272483825684;1.0813309192657472;-470.47170886993405;317.21981620788574
-7.96321090310812;0.04509687423706055;-0.31684041023254395;-39.51152787208557;-480.6105590820312;191.8712911605835
-7.824580930173397;2.1216988563537598;-0.07905140519142151;-80.43184862136842;-449.6990371704101;213.595796585083
-9.187366627156734;-1.648414134979248;-0.9476825594902039;12.35731258392334;-405.33979187011715;259.11055183410645
-10.804736986756325;-0.3349900245666504;0.5272597074508667;-8.524381971359253;-544.3447090148926;235.2659568786621
-10.710814967751503;0.2710103988647461;0.989985466003418;-31.06225118637085;-427.91701087951657;133.06515312194824
-10.310010239481926;-1.3775110244750977;-0.133650004863739;-3.7873326301574703;-537.5992752075196;254.24091911315915
-6.642254255712032;-0.614619255065918;-2.341488003730774;-72.832234954834;-402.7315546035766;267.086483001709
-7.278717868030071;1.0611891746520996;0.9801976382732391;-32.92454288005829;-437.80919799804684;332.75917625427246
-9.534842893481255;0.20409822463989258;-1.3447120785713196;-103.3988533973694;-564.8213935852051;190.66538429260254
-10.047533735632896;-1.6916155815124512;-1.5247642993927002;-11.399363136291504;-417.0043397903442;284.28792572021484
-10.672901943325996;0.9291887283325195;0.749891996383667;-42.42778644561768;-409.89943275451657;211.13939380645752
-7.622711174190044;-0.33620595932006836;2.768171578645706;-67.3514626979828;-530.683667755127;178.5549030303955
-6.302282027900219;-1.4389872550964355;-1.6669973731040955;-125.7863865852356;-516.4933086395264;201.865159034729
-6.830107234418392;-1.4380931854248047;0.6888538599014282;-70.28367505073548;-621.4507080078125;317.6886520385742
-10.59110127389431;0.21339654922485352;-1.4969587326049805;-147.90826663970947;-383.17102680206295;234.305082321167
-9.67884175479412;1.552283763885498;-1.3111129403114319;24.06254425048828;-488.08443794250485;218.56032943725586
-7.481548748910427;1.5183806419372559;0.7185257971286774;24.904514694213866;-330.70714721679684;262.95791244506836
-11.122632399201393;0.2241969108581543;0.1996055245399475;-64.29306135177613;-473.7545181274414;221.30593872070312
-6.4744239673018456;-1.9621968269348145;-0.3352135419845581;-31.406326746940614;-446.42433891296383;208.16577529907227
-8.650028519332409;-1.3622045516967773;-0.05785301327705383;-57.224932765960695;-457.7878929138183;309.77912521362305
-7.73827638477087;-1.7785906791687012;-1.9917525351047516;41.10876932144165;-420.9291625976562;217.71046257019043
-10.368721559643745;-0.7933974266052246;-1.214669644832611;-28.11361119747162;-447.0657230377197;204.70099067687988
-8.641322515904903;-0.2653956413269043;-1.2078523635864258;-102.13161334991456;-479.8385692596435;165.94059562683105
-9.90387462079525;-2.0702004432678223;1.4317430555820465;-37.41623983383179;-518.4446407318115;204.6704921722412
-8.73738806694746;2.7190089225769043;-0.07965713739395142;-34.61965069770813;-395.07747421264645;170.9005651473999
-10.145993158221245;0.8446097373962402;1.6272827982902527;-26.04925081729889;-517.6120830535889;281.84678649902344
-7.133129797875881;1.0512828826904297;2.0846128463745117;-51.893427228927614;-428.3983064651489;182.5819215774536
-8.551732264459133;0.32018423080444336;2.8837166726589203;9.856149101257325;-444.58534488677975;200.41224575042725
-9.299722127616405;1.1503100395202637;1.3570412993431091;58.121792221069335;-395.8729387283325;227.52814865112305
-7.777018658816814;1.2307047843933105;-1.7106235027313232;-104.394997215271;-422.6523710250854;240.65746879577634
-6.355550698935986;-1.692795753479004;0.12775138020515442;-31.62843511104584;-390.29988059997555;183.70451545715332
-7.732907496392727;0.8299112319946289;-0.9855397045612335;-19.48597297668457;-375.5096221923828;148.66098976135254
-6.441388092935085;-1.0891914367675781;0.5070805549621582;-54.79730830192566;-461.6717458724975;188.96826839447021
-10.948586091399193;0.18399953842163086;-0.626036524772644;28.608380699157713;-405.4616428375244;139.2069969177246
-8.867908827960491;0.448000431060791;1.5581980347633362;-162.6559959411621;-371.6767669677734;279.8879585266113
-8.107574097812176;1.978611946105957;-1.6029193997383118;-57.3125301361084;-544.8640705108643;199.05001258850098
-9.967132285237312;-2.0498156547546387;0.4396073520183563;-32.88742647171021;-426.85691604614254;131.37012577056885
-8.493351750075817;-2.1220922470092773;-1.1455781757831573;-58.08760271072388;-541.3623500823975;316.61079025268555
-8.222654275596142;-0.4079103469848633;1.3071656227111816;16.524313831329344;-501.82246932983395;215.99157428741455
-8.00416599959135;-1.8643856048583984;1.017831265926361;-125.92649087905885;-455.70382366180417;229.61051559448242
-6.691054813563824;-1.9090890884399414;1.4766007661819458;-45.114140367507936;-497.9972244262695;327.1354064941406
-7.25186001509428;-0.817716121673584;-1.2714877724647522;-53.06033477783203;-509.3559432983398;216.29488563537598
-6.896507553756237;0.05861520767211914;1.196037232875824;-133.8665662765503;-445.2385736465454;185.74303722381592
-8.8218217715621;2.111184597015381;-1.4933712780475616;-15.231048917770385;-428.9314294815063;219.13433647155762
-7.870996557176113;0.4534006118774414;-1.298367977142334;-72.34762773513795;-376.98513755798336;365.33475494384766
-6.0649847611784935;1.8777966499328613;0.49216970801353455;-19.946737146377565;-498.7297035217285;219.294997215271
-7.249070517718792;-2.5891900062561035;-0.31873583793640137;-35.61962471008301;-531.5151668548584;239.98009300231934
-6.049537472426891;1.085507869720459;0.46662837266921997;6.6263867855072025;-518.208720779419;154.6898946762085
-7.229300402104855;-0.37729740142822266;-1.2730255722999573;-52.492242908477785;-521.0298038482666;236.3623867034912
-9.698426350951195;0.9673118591308594;-2.1653205156326294;-42.910859441757204;-482.5940490722656;75.44868564605713
-10.377751663327217;1.6260981559753418;-1.32603719830513;-87.21946105957032;-439.6624256134033;212.28610610961914
-8.025254867970943;0.3447890281677246;2.1264374256134033;-62.75050864219666;-546.3144088745117;248.95097351074216
-10.959748551249504;0.48580169677734375;-0.9819924831390381;-104.92564544677735;-400.47728309631344;265.0799903869629
-7.454456202685833;-0.27168989181518555;0.973530113697052;29.881621742248534;-419.67198619842526;134.68390560150146
-8.673620782792568;0.580286979675293;1.5310786664485931;35.203682327270506;-401.5378929138183;294.07960510253906
-7.787986658513546;-1.8755078315734863;-2.0476385951042175;-138.22238788604736;-487.7081275939941;245.70823287963864
-8.552583865821362;-0.32869577407836914;2.149316668510437;95.04263534545898;-404.4825578689575;277.40353202819824
-5.881508253514767;-0.815284252166748;-1.0816454887390137;52.33392848968506;-406.58546695709225;235.02600288391113
-5.407555215060711;-0.27920007705688477;0.5864895880222321;-44.78936419487;-513.1192756652832;159.5665798187256
-8.091208152472973;-0.7445096969604492;-1.8096953630447388;-50.1997052192688;-487.6393199920654;242.72916412353513
-9.80214737355709;-0.5926966667175293;-1.856868714094162;-13.509406900405883;-482.8823257446289;156.54644107818604
-7.925326935946941;-1.4495015144348145;-0.7182642817497253;19.511844062805174;-482.46524581909176;130.25591468811035
-6.578410975635052;-1.8025875091552734;1.4243736863136292;-9.870432472229004;-580.7788635253906;199.85883808135986
-6.8818314000964165;-2.1985888481140137;-0.18622353672981262;-148.57517108917236;-438.81994018554684;261.82157135009766
-9.498089924454689;0.03401041030883789;0.9933516383171082;-29.99139533042908;-485.13495216369625;305.780330657959
-8.70994683355093;-0.8216142654418945;2.4201884865760803;30.979031467437743;-461.06815586090084;256.1703643798828
-8.310134522616863;0.3888845443725586;2.296936511993408;-111.42692670822144;-438.7403465270996;203.7418327331543
-8.239313028752804;1.5813946723937988;0.40983259677886963;-56.65689096450806;-395.0619102478027;286.2188301086426
-9.327424876391888;1.6779899597167969;-0.147990882396698;-102.89667949676515;-473.52786788940426;167.1793041229248
-7.741669379174709;-1.214897632598877;2.2547096014022827;-19.706353998184206;-398.0386472702026;202.1335802078247
-9.960192069411278;1.5154123306274414;1.9174441695213318;-35.98543152809143;-417.643306350708;257.49413108825684
-6.142929755151272;-0.9050130844116211;-1.693350076675415;49.472762489318846;-486.5153385162353;122.03280544281006
-5.677490495145321;0.6046056747436523;0.5138754844665527;-122.04617128372193;-415.36856422424313;215.42708015441895
-9.351019375026226;-1.8811941146850586;1.5325918793678284;44.862889194488524;-522.8713012695313;198.79292106628418
-9.199177287518978;-2.3087024688720703;-1.3876855373382568;-177.09803924560546;-500.56968460083004;218.5956630706787
-7.703760825097561;1.0641932487487793;2.0499318838119507;-105.44251785278321;-513.7087036132813;229.80964279174805
-9.569792076945305;1.8397092819213867;-0.040002912282943726;35.76638116836548;-413.2801605224609;177.83850288391113
-10.52447073161602;0.3708958625793457;1.5408284962177277;-58.81081566810608;-442.9288125991821;152.4071273803711
-7.031639479100704;-1.4659881591796875;-0.4164665937423706;-114.75692138671876;-497.9689289093017;278.19088554382324
-9.441106393933296;-1.5983104705810547;-1.9696667790412903;38.12706842422485;-586.5562702178955;185.30827617645264
-8.995304815471172;-2.5904059410095215;0.21384358406066895;-63.27569947242737;-508.90464553833004;272.2104034423828
-6.858500652015209;-2.1131157875061035;0.37525445222854614;-1.5290628433227538;-465.1539970397949;393.73080825805664
-6.719191186130047;-1.895284652709961;-0.5039110779762268;-97.48340950012208;-456.47807369232174;165.05423641204834
-9.193783812224865;-1.9988179206848145;0.9123019874095917;-53.11838493347168;-402.1998191833496;278.9623603820801
-9.5317292958498;-0.7985115051269531;-0.21310150623321533;-25.747942185401918;-432.1333576202392;283.89602279663086
-7.498223148286343;-1.11619234085083;-2.4521782994270325;-86.15819320678712;-373.29604873657223;227.53284072875977
-9.1586759313941;-2.628207206726074;-0.36986544728279114;-42.54246339797974;-423.10964832305905;205.13723945617676
-9.420587494969368;-1.3948917388916016;-0.6769873201847076;-49.58073720932007;-502.5015617370605;70.41420078277588
-8.646143786609173;-0.22430419921875;-1.4871373772621155;-20.58286771774292;-479.0527893066406;347.504487991333
-11.18108443915844;0.5061864852905273;0.6434686481952667;-41.7854510307312;-464.7757125854492;255.18637275695798
-9.885546192526817;-0.4334092140197754;2.116484194993973;-121.27042636871339;-528.7778259277344;272.4950466156006
-8.501939289271832;0.2218008041381836;0.4435814917087555;-163.1689344406128;-510.04822502136227;107.39880180358887
-9.87476147711277;0.6217002868652344;0.8019648492336273;40.21707429885864;-434.4424892425537;147.56508922576904
-7.364593259990215;1.475214958190918;-1.959778368473053;7.511472845077515;-412.4693752288818;286.99339485168457
-8.711585216224194;-1.4939188957214355;-1.3321325182914734;-113.31104621887208;-686.7145324707031;285.03061866760254
-10.367805138230324;0.5610823631286621;1.3796433806419373;33.06182041168213;-547.5374389648438;300.85639572143555
-8.781749568879604;2.8290867805480957;0.015315413475036621;-39.378783559799196;-464.9609352111816;209.74975204467773
-8.481058292090893;2.4235010147094727;1.2626275420188904;16.75837411880493;-433.2700706481933;157.6808795928955
-9.648923948407173;0.5560040473937988;-1.6133755445480347;19.780136489868163;-625.7030464172364;118.34340190887451
-7.961614988744259;-1.6193032264709473;1.2771137058734894;-138.09301242828369;-635.3436065673828;171.02500534057617
-7.591313682496548;-2.0786046981811523;0.41865259408950806;-86.27463684082032;-425.7488418579101;273.88453102111816
-10.067321732640266;0.9507894515991211;-0.8382752537727356;-85.3798948287964;-470.225675201416;286.1069641113281
-11.153117939829826;0.16930103302001953;0.5667060613632202;14.85430612564087;-612.1309257507324;144.5912561416626
-9.83344204723835;-0.6134033203125;-1.1029332876205444;30.816310787200926;-496.6371513366699;234.62271308898926
-6.573679111897945;-0.008618831634521484;-1.7486348748207092;11.032701873779297;-424.3305755615234;175.60865020751953
-7.437649928033352;-2.0870089530944824;1.7788052558898926;-38.82979259490967;-499.2327571868896;287.2015914916992
-6.471442244946957;-1.1554956436157227;0.3980487585067749;-23.340598797798158;-477.56096611022946;250.57031249999997
-8.023600839078426;-0.08869171142578125;1.4697656035423279;-44.362939453125;-526.4842868804932;246.97929954528806
-10.66327728331089;-1.568305492401123;-0.591789186000824;9.017086172103882;-437.3904586791992;215.736328125
-9.967818483710289;1.3015151023864746;1.6630679368972778;-121.20333538055421;-474.2460561752319;311.0558280944824
-7.269526831805706;-0.04609823226928711;1.7930611968040466;-116.34644136428834;-538.0298305511475;285.65901374816895
-7.526920549571514;2.1126866340637207;0.05604475736618042;26.303998374938963;-401.0214639663696;227.6329050064087
-7.153516821563244;0.5521059036254883;2.706947922706604;7.623156452178955;-577.4922061920166;285.0084457397461
-8.519022725522518;-2.231884002685547;-0.6096616387367249;-73.57850418090821;-525.1511932373047;268.7357482910156
-7.5761547312140465;-1.6705870628356934;2.103971689939499;-91.8439684867859;-506.2256408691406;242.79891586303708
-9.043635986745358;-0.5140900611877441;0.21809041500091553;-47.22415194511414;-453.8558317184448;293.6923942565918
-8.219949714839458;-2.613186836242676;-0.3755025565624237;-44.711905574798585;-463.3225131988525;98.0062780380249
-9.828929230570793;0.9250044822692871;2.1348439157009125;-103.7398515701294;-477.84310588836667;223.73056983947754
-6.096898578107357;1.750016212463379;-0.5642920732498169;3.568618440628052;-463.2324768066406;285.6426773071289
-7.935995422303677;-1.8407106399536133;-0.31678229570388794;-4.722758388519287;-453.634460067749;186.03580570220947
-8.301967196166515;2.262711524963379;-1.0561466217041016;-48.06320772171021;-538.7025428771973;233.90382385253906
-7.139486633241177;-2.170407772064209;-1.2070834636688232;-27.315394735336305;-436.7031265258789;247.79666519165036
-8.36878102272749;0.6435871124267578;-1.7986491322517395;-1.430207347869873;-585.578744506836;252.45998954772946
-6.170918606221676;0.48100948333740234;-1.2979298830032349;-56.00842580795288;-468.8538433074951;189.61352920532227
-7.041577063500881;0.9859085083007812;-1.8469557166099548;-79.78967056274415;-507.50280151367184;166.76279640197754
-10.518158599734306;-0.42918920516967773;0.5780830979347229;11.616529369354248;-444.68167552947995;211.96392631530762
-8.673766069114208;0.2004861831665039;1.5214070677757263;-5.479727840423584;-579.0678001403809;255.71165657043454
-9.548962488770485;1.3554811477661133;0.6736412644386292;-2.703516340255737;-536.9896770477295;268.48329162597656
-6.830918602645397;0.8232951164245605;-0.48501715064048767;-5.702054357528686;-487.1248222351074;212.52575969696045
-10.383281484246254;1.9183158874511719;0.9572044014930725;-122.15046272277833;-390.1787305831909;164.41817378997803
-5.847710184752941;1.3471126556396484;-0.9884297847747803;-166.02446422576904;-563.5682369232178;131.20607471466064
-5.744371376931667;1.1871814727783203;-0.7510945200920105;-64.92895231246949;-485.99300155639645;99.82547378540039
-8.795654587447643;0.907588005065918;-0.47218501567840576;-64.71701846122743;-434.61432228088375;265.2721939086914
-6.3543325290083885;-0.5479931831359863;-0.1161821186542511;4.346627140045166;-476.38778934478756;239.6897850036621
-7.209782861173153;0.6160140037536621;1.3444527983665466;-139.73359451293945;-552.7965427398682;184.04463386535645
-8.872142247855663;1.598811149597168;-2.3261234164237976;61.032489681243895;-533.4345413208008;124.19100379943848
-8.10838770121336;-0.47839879989624023;2.0672835409641266;-125.48522815704347;-559.0400386810303;156.90248107910156
-8.310767076909542;-0.23510456085205078;2.8129130601882935;-44.70893726348877;-514.0964294433594;218.94459342956543
-8.213000558316708;0.6579995155334473;0.08214488625526428;-136.26489028930663;-502.6450706481933;207.9649887084961
-8.302201889455318;-0.6602168083190918;-2.5248393416404724;54.90710391998291;-469.62756404876706;326.3975486755371
-7.094751857221127;-1.036083698272705;1.2322671711444855;-99.55263719558717;-582.3958850860596;316.7104682922363
-10.072223469614983;-0.08808374404907227;-0.044079869985580444;-30.504503703117372;-460.07622489929196;306.5834770202637
-6.574573181569576;0.08919239044189453;2.2871844470500946;-104.89072666168214;-434.6730590820312;141.4077959060669
-8.28582476824522;-1.0865092277526855;2.0018063485622406;-50.748882150650026;-498.58367691040036;270.94282722473145
-5.755267851054668;1.5567898750305176;0.01765340566635132;-71.62127838134766;-434.8639465332031;314.9311695098877
-9.530055150389671;-0.7499098777770996;0.04395246505737305;66.76208152770995;-429.3201995849609;162.14277362823486
-7.797895185649395;-2.505505084991455;1.143103837966919;-55.38167939186096;-444.4813610076904;218.27210998535156
-7.723157666623592;1.5828967094421387;-1.1737748980522156;-76.69195518493653;-540.2686668395996;184.2465648651123
-7.111307792365551;-0.8123159408569336;1.511404663324356;59.848033332824706;-480.2219749450683;305.9751091003418
-11.08311228454113;-0.07699728012084961;0.832463800907135;-51.98781237602234;-473.062007522583;187.68592929840088
-8.24767928570509;-1.992809772491455;1.0539069771766663;-24.95960340499878;-498.713166809082;183.62811183929443
-8.688272349536419;1.7734050750732422;-0.013017654418945312;-51.81092963218689;-444.64455375671383;218.77121543884277
-10.226799175143242;0.07481575012207031;1.6719505190849304;-38.29183087348938;-377.89308319091793;277.58557891845703
-7.161013595759869;-1.5272140502929688;1.3983562588691711;-24.51944217681885;-462.3714805603027;169.14783096313477
-8.552966080605984;-0.4507899284362793;0.26382431387901306;27.5739706993103;-448.2908559799194;260.92870330810547
-8.316587470471859;0.46809911727905273;-2.918560802936554;-136.50467262268066;-592.6895881652832;368.5079154968262
-7.620292715728283;-1.6495943069458008;0.6535559892654419;-105.01662597656251;-525.3267456054688;115.23419952392578
-8.258063904941082;1.0099053382873535;-0.7498830556869507;-122.74873123168946;-394.7883392333984;307.26537322998047
-9.51504148542881;2.182602882385254;0.3548651933670044;-72.05136165618897;-569.5655990600586;306.43370246887207
-8.150632493197918;1.8388152122497559;-1.0107971727848053;-52.17282400131226;-469.05049571990963;123.65135765075684
-7.15526919811964;-1.2157917022705078;-1.1639982461929321;21.82201280593872;-493.87234458923336;286.3843688964844
-9.23749040812254;-1.4966011047363281;0.7162280380725861;-53.29621181488037;-386.1732841491699;208.057843208313
-8.297881297767162;0.28449296951293945;-1.7577409744262695;-114.41801891326905;-465.763423538208;250.9456214904785
-8.626492135226727;-0.30258893966674805;2.274703234434128;-7.961125230789184;-420.6860328674316;222.0981273651123
-6.385616026818752;-0.3658890724182129;-0.8999750018119812;26.952177429199217;-410.0942111968994;265.9046230316162
-8.692852221429348;1.269686222076416;-0.9931549429893494;62.715014362335204;-420.18790016174313;249.2675743103027
-8.13713651150465;1.6537070274353027;0.22685229778289795;-175.7061658859253;-451.4907098770141;291.75639724731445
-7.19341691583395;0.1165151596069336;-1.354021579027176;2.933761024475098;-461.5419555664062;148.30446338653564
-6.365410052239895;0.7830977439880371;2.107514441013336;46.12463607788086;-380.3260112762451;325.3476676940918
-7.877686433494091;-0.8906006813049316;1.04103684425354;-53.15352544784546;-545.9848762512207;188.75859832763672
-6.992150656878948;1.0233879089355469;1.7504632472991943;-56.19092330932617;-359.63660964965817;218.45754718780518
-6.515513174235821;-1.4603018760681152;0.5372866988182068;-27.04418227672577;-474.0593458175659;274.3659839630127
-9.151027165353298;-1.8226861953735352;0.6422840058803558;-108.1594596862793;-430.72953948974606;263.64089584350586
-7.913093827664852;-0.12320280075073242;-2.278129756450653;-124.47812662124635;-364.7154117584228;258.06061363220215
-6.165768764913082;0.20470619201660156;-0.7271625101566315;-125.66123113632203;-431.2881828308105;328.3740863800049
-7.643120549619198;-1.7495155334472656;-1.2815594673156738;-70.28303847312928;-554.2539478302002;297.93989753723145
-10.061432048678398;0.2805948257446289;1.9230321049690247;-123.43090639114381;-441.73683891296383;209.1667184829712
-7.074425183236599;1.0699152946472168;0.3342948853969574;-5.283697700500488;-479.5208526611328;165.61671352386475
-9.59305353462696;-0.7937192916870117;-0.9026437997817993;-65.92415914535523;-526.6501117706299;185.95179176330566
-7.739233039319515;1.1475920677185059;-2.2871017456054688;-53.44238147735596;-548.1278396606446;198.7196502685547
-9.433310106396675;-2.1458029747009277;1.3751238584518433;6.293903732299805;-551.3803077697754;179.4587001800537
-8.243716321885586;0.8718967437744141;0.47453194856643677;-72.39191637039185;-401.8837905883789;172.9361686706543
-7.446335814893246;0.2371072769165039;-1.6569547355175018;49.347728633880614;-545.8131576538086;215.67750549316406
-7.11455550044775;-2.32011079788208;-0.8182346820831299;-153.85717735290527;-405.98732719421383;266.81125259399414
-6.976768188178539;1.093912124633789;1.5128016471862793;-157.84590110778808;-471.36725196838375;194.8520050048828
-8.633497171103954;0.07120370864868164;2.717900276184082;-24.430523371696474;-503.6577583312988;270.71245765686035
-10.386638715863228;-1.1870026588439941;0.3131747245788574;-105.29388055801392;-348.97539386749264;166.1068925857544
-8.857582323253155;0.46509504318237305;1.626451313495636;-159.42587242126464;-460.9374786376953;32.25120162963867
-8.511454425752163;-2.6165127754211426;-1.2029126286506653;-30.122818207740785;-463.5467315673828;259.7340259552002
-9.556984528899193;-2.010798454284668;-0.9574189782142639;54.68510284423828;-401.8773675918579;264.22354316711426
-6.784216873347759;2.474498748779297;0.6560638546943665;52.72390737533569;-441.52342090606686;205.48508262634277
-10.60585342347622;1.3785839080810547;-0.3660812973976135;2.781694078445435;-434.9524379730224;320.44873809814453
-6.5415507182478905;0.8947134017944336;-0.18651187419891357;-101.25931606292725;-487.41796264648434;191.23781776428223
-8.962901495397091;-1.1204123497009277;-2.6013940572738647;-63.9467059135437;-464.2091728210449;167.81043148040771
-7.689513824880123;-0.8396029472351074;-2.1245822310447693;-108.05061206817628;-408.407466506958;215.70402717590332
-7.880444638431072;0.026786327362060547;0.39269551634788513;-28.589710450172426;-522.8499580383301;326.3971767425537
-10.157899931073189;0.06580352783203125;0.6192795932292938;-43.674756145477296;-398.02919158935543;174.33074569702148
-7.739054225385189;-1.1284947395324707;2.4091869592666626;-39.15487453937531;-478.06583652496334;133.59188175201416
-7.456244342029095;1.0080814361572266;2.3906171321868896;93.82584228515624;-359.77001199722287;228.45803833007812
-7.858066074550152;-0.8834123611450195;-0.7078751921653748;-58.261946296691896;-390.59983024597165;158.9578971862793
-8.279494754970074;1.2558817863464355;1.5096545219421387;-68.62479314804078;-486.41445884704586;166.1854419708252
-8.723433874547482;2.3070931434631348;1.229330152273178;-101.04070529937745;-385.63395271301266;192.35185718536377
-8.150281570851803;-0.9934902191162109;1.679760217666626;139.52015533447266;-433.66061458587643;324.9305877685547
-7.159189693629742;-1.5205979347229004;1.1870183050632477;-34.416071033477785;-388.2096458435058;292.15333557128906
-9.035381488502026;0.5707025527954102;-1.598641276359558;2.888338708877564;-463.8003898620605;172.87162399291992
-9.25461184233427;1.2411832809448242;-0.4484407603740692;-21.572495555877687;-488.44592819213864;228.2579526901245
-7.485636882483959;-2.550208568572998;0.09233281016349792;-10.634075260162353;-543.1419635772705;206.90898513793945
-6.648050062358379;-0.14269351959228516;0.5416005849838257;-181.48896560668945;-511.96728477478024;278.8680896759033
-9.929567947983742;-1.6346096992492676;1.7094030976295471;-120.81796989440919;-419.09095535278317;282.85678482055664
-6.012663803994656;-0.4649162292480469;-0.8152216672897339;-121.96147069931031;-421.95335159301754;245.8193264007568
-9.249752573668957;0.4588007926940918;1.0220959782600403;-95.53091869354249;-492.0675254821777;235.7585678100586
-6.5173884853720665;-1.8697857856750488;1.3514935970306396;-67.89015398025514;-514.4619537353516;233.79662132263184
-6.91238846629858;0.8947134017944336;-0.329531729221344;-8.82473931312561;-562.5970626831055;244.06088447570798
-6.630908511579037;2.3280858993530273;0.3152869641780853;-37.36400470733643;-437.2175956726074;217.2744426727295
-5.6248074397444725;-0.7694005966186523;0.8132949471473694;-72.83076868057252;-528.4263492584229;161.73749542236328
-7.695215754210949;-0.2171158790588379;1.5374533832073212;-189.02459964752197;-441.58632049560543;291.2585220336914
-11.23565398156643;-0.26421546936035156;0.4712238907814026;-64.11847100257874;-436.6159511566162;254.83629798889157
-9.103900752961636;-1.197195053100586;2.228032797574997;-62.760983562469484;-530.6161190032959;129.6111545562744
-10.945499315857887;1.0257840156555176;-0.6204530596733093;-31.977862572669984;-429.0145421981811;189.08494091033936
-6.979054771363735;-0.9208917617797852;-1.0860376060009003;8.524114036560059;-459.638402557373;173.66159534454346
-7.023498974740505;-1.2047052383422852;-2.3366332054138184;-25.32787070274353;-385.9386659622192;215.49542999267578
-6.039452366530895;-0.36170482635498047;-1.861940324306488;-138.1746374130249;-467.3863674163818;236.08695602416992
-7.5369564816355705;-2.277517318725586;1.100195199251175;-67.37204418182374;-567.866752243042;251.13135910034177
-6.833375059068203;0.7815957069396973;1.6303762793540955;-93.58114585876466;-444.6104074478149;260.765567779541
-8.423587493598461;-1.0684847831726074;-1.4729037880897522;-50.4869411945343;-518.809192276001;144.4079360961914
-8.788240514695644;-2.8637051582336426;0.09328722953796387;-149.11244258880615;-501.5153957366943;237.6079616546631
-9.195109270513058;-1.2677192687988281;1.3094589114189148;-48.67395029067993;-492.68693695068356;279.11079025268555
-8.116993121802807;-0.4250049591064453;-1.4860421419143677;-29.451178765296937;-451.2418294906616;287.5667152404785
-10.283773764967918;0.06279945373535156;0.1796923577785492;-8.526384687423706;-561.4615226745606;388.81067848205566
-7.973555289208889;0.748908519744873;-2.30446457862854;-24.29095015525818;-476.0597015380859;220.94357585906982
-7.359680347144604;-1.7320990562438965;0.1726493239402771;-44.63470087051392;-551.6192317962647;45.694318771362305
-9.775685146450996;2.1430134773254395;-0.9507492184638977;-6.683088397979736;-478.36414108276364;267.4288902282715
-8.888827823102474;-0.8044838905334473;2.6498839259147644;61.23015775680542;-531.7835880279541;233.0390224456787
-10.704239085316658;0.0072956085205078125;0.3914952278137207;57.03195705413818;-439.8426128387451;108.17784404754639
-9.784029051661491;0.6096839904785156;1.6548201441764832;-21.266242718696596;-441.9637466430664;241.67902565002439
-10.28435043990612;-2.039015293121338;-0.7224708795547485;51.33772745132446;-441.67300949096676;126.93791484832764
-10.851186141371727;1.0246038436889648;0.10094493627548218;-50.25892839431763;-387.7462602615356;155.58744049072266
-6.4827946946024895;1.5751004219055176;-0.38078203797340393;-59.600622510910036;-500.20487556457516;228.63944149017334
-9.201454930007458;2.37429141998291;0.2774924039840698;-130.143710231781;-461.8268562316894;280.737024307251
-6.643079034984112;-0.051212310791015625;1.4956757426261902;58.57401266098022;-391.46589050292965;234.1435203552246
-6.149869970977306;-0.04398822784423828;1.8087834119796753;-123.77347097396851;-390.55861721038815;287.67863845825195
-8.261948637664318;0.45758485794067383;-2.163684368133545;22.04559459686279;-406.65218601226803;157.2046194076538
-7.635480724275112;-1.905512809753418;0.13660714030265808;8.734223985671997;-452.5603748321533;240.74744796752927
-10.458367690443993;1.748800277709961;-0.28419122099876404;-25.295566177368165;-470.4705501556396;240.0797710418701
-8.516302518546581;-0.27980804443359375;1.3951018452644348;-154.92616996765136;-509.7632385253906;294.61759185791016
-7.16202836483717;0.3780841827392578;0.0047340989112854;21.59451856613159;-421.014192199707;162.77663326263428
-6.87937717884779;-2.2006988525390625;0.012487918138504028;-114.56595525741578;-462.03505287170407;296.55481910705566
-9.546340629458427;-1.781916618347168;-0.8341938257217407;1.216102981567383;-545.383203125;234.06824684143066
-9.099501930177212;-1.152491569519043;1.0752394795417786;64.98276844024657;-477.7130867004394;194.68902683258057
-10.205135866999626;-1.1135101318359375;-1.3543233275413513;-107.74199352264405;-507.3506237030029;195.6906852722168
-8.480090461671352;1.8594861030578613;-0.20110756158828735;32.52563610076904;-475.7019878387451;186.67169666290283
-9.334494732320309;0.4402041435241699;-2.133091539144516;-114.03423414230348;-416.8031669616699;303.6642036437988
-10.281368717551231;-1.5620112419128418;-0.6218701601028442;-52.76068553924561;-474.0850807189941;121.43532371520996
-9.857108071446419;-0.34461021423339844;0.7229983806610107;-38.27560887336731;-375.084016418457;237.9188404083252
-8.521970920264721;-1.1245965957641602;0.8268356323242188;-8.41734037399292;-381.9424034118652;260.9162006378174
-9.325524978339672;0.8932113647460938;-0.8972145617008209;-5.498363828659057;-610.9003425598145;166.23799896240234
-5.795212648808956;0.9187102317810059;0.4997044801712036;-67.50018939971925;-448.0616594314575;165.95916366577148
-8.133982680737972;1.4502882957458496;1.3943329453468323;3.50983157157898;-493.58999023437497;243.30594635009763
-9.253661893308163;-2.461087703704834;0.6051108241081238;-71.69821128845216;-429.61880455017086;179.71829509735107
-6.327693723142147;2.1070003509521484;0.4231788218021393;-135.64559326171874;-445.0044275283813;144.06582927703857
-8.239737711846828;-0.9703874588012695;1.828940212726593;-57.741751527786256;-449.6212602615356;192.17955207824707
-9.782372787594795;-0.532686710357666;-2.412208914756775;-55.50054416656494;-405.88746318817135;239.05309295654297
-6.60159420222044;-1.2878179550170898;0.5392715334892273;-45.58528647422791;-413.8444114685058;191.0423240661621
-7.523681782186031;-1.5430927276611328;-1.4716699719429016;-91.40927181243897;-443.13896903991696;188.74510860443115
-8.741511963307858;1.2547016143798828;1.382853090763092;-50.28253540992737;-431.2099338531494;270.0402030944824
-8.312561921775341;-1.0439157485961914;2.2823207080364227;-62.34788761138916;-472.4617362976074;286.96704483032227
-9.26255565136671;-0.728917121887207;2.1831952035427094;-93.68665323257447;-552.6184726715088;205.13692474365234
-6.349790655076504;-1.339709758758545;0.12773573398590088;-36.079294538497926;-484.59401855468747;196.56271076202393
-8.13955720514059;-2.806985378265381;0.9864628314971924;-115.79024419784547;-567.3034740447998;325.7702121734619
-10.315875336527824;0.5964875221252441;1.6313597559928894;-65.2917371749878;-555.1090789794922;186.87042331695557
-6.52406495064497;0.08919239044189453;2.2236160933971405;-141.37735233306884;-475.4855514526367;265.0782165527344
-8.119145594537258;-2.498316764831543;1.013137400150299;-43.22268590927124;-536.6638637542725;204.1234073638916
-8.794123493134975;0.07238388061523438;2.045251429080963;-26.498086309432985;-535.6427932739258;248.07364082336423
-7.977992109954357;-1.2887120246887207;-2.4208948016166687;-83.7575803756714;-399.1118885040283;261.73439598083496
-10.576760396361351;0.5718827247619629;1.4468483626842499;-42.99721941947937;-394.37723884582516;337.1667251586914
-7.937278412282467;0.9261846542358398;-1.4497116208076477;0.49509658813476576;-500.7495571136474;129.03707599639893
-6.101713143289089;-1.9235014915466309;0.14265328645706177;-42.118309593200685;-417.1777320861816;227.89650535583496
-5.7536473497748375;-0.569307804107666;0.6601609289646149;77.81268253326415;-350.66263923645016;246.83570480346677
-6.894940696656704;0.4711031913757324;1.3607382774353027;-170.58600769042968;-490.2551818847656;205.63302612304688
-9.287846647202969;-0.006508827209472656;2.0008832216262817;-108.91099319458009;-474.2226959228515;102.54215812683105
-8.72566681355238;0.7372140884399414;-1.3705283403396606;38.312841796875;-566.517465209961;180.66088771820068
-9.285682998597622;-0.6469845771789551;-0.13653337955474854;-16.132979249954225;-419.23882732391354;240.23709869384763
-5.819113366305828;0.37060976028442383;-1.5340223908424377;21.36913433074951;-537.0222068786621;148.3723268508911
-8.489887230098248;-0.39528608322143555;-1.579199731349945;33.44489707946777;-544.9143672943115;252.51618003845212
-6.211529485881329;0.4503965377807617;1.1938869953155518;-47.904596185684206;-382.8765846252441;395.49445724487305
-9.941747412085533;-0.12080669403076172;0.21195709705352783;-74.83149633407594;-560.6766010284424;229.28754901885986
-9.68315340578556;1.7017006874084473;-0.5609124898910522;-43.44809517860413;-480.73235282897946;211.7981014251709
-8.724752627313137;-0.45229196548461914;1.0979756712913513;-37.25325450897217;-371.27602348327633;167.72839164733887
-9.545857831835747;-2.1389007568359375;0.5010344088077545;-12.744659042358398;-499.7799564361572;163.33965396881104
-8.864504657685757;2.438199520111084;0.9822137653827667;-18.237733697891237;-491.14850769042965;173.95565128326416
-6.701063923537731;1.4506101608276367;-1.6488097608089447;-128.50385055541992;-496.3514209747314;339.55605125427246
-9.123954735696316;-1.6942977905273438;2.2830985486507416;-50.302405214309694;-476.6357398986816;237.5127468109131
-10.093614086508751;1.5072941780090332;-0.17495602369308472;-77.27969512939454;-496.5659976959228;222.67242050170898
-5.870023928582668;0.491487979888916;-0.9865030646324158;-13.74188289642334;-502.3455501556396;283.8438377380371
-8.863373659551144;1.7008066177368164;-1.9502654671669006;-55.08155450820923;-395.72317848205563;196.8219051361084
-8.335783146321774;0.2710103988647461;0.5727902054786682;-48.99055824279785;-433.84434947967526;312.0332679748535
-8.585179410874844;-0.7117867469787598;-1.0601408779621124;-73.7447367668152;-454.641540145874;126.8655595779419
-8.088362775743008;0.4795074462890625;-0.21440237760543823;-44.6596776008606;-437.0224166870117;136.48839569091797
-9.790240600705147;-2.0581841468811035;-1.5147551894187927;36.030517959594725;-491.81615600585934;291.29866218566895
-7.31289591640234;-1.5013933181762695;1.5230901539325714;-49.496379947662355;-585.3945518493653;178.38362789154053
-7.113281451165676;-0.7877111434936523;-2.139401435852051;-123.13298807144166;-435.3865839004516;251.01231193542478
-9.363907389342785;-0.42078495025634766;-1.634535938501358;4.103758478164673;-436.71461353302;249.75955581665036
-10.387159511446953;-1.1572837829589844;1.7803005874156952;-34.59314332008362;-470.5800987243652;291.223388671875
-8.399608545005322;-0.09080171585083008;2.8815440833568573;-109.13767204284669;-464.3446422576904;224.58992099761963
-7.17721413820982;-0.4297971725463867;-1.6445741057395935;-62.0478771686554;-486.76427612304684;212.70480251312256
-5.995211564004421;0.6465911865234375;1.0675370693206787;-78.26919422149659;-475.5434299468994;260.2920970916748
-6.183274649083614;0.6303906440734863;0.8920490741729736;-18.646741962432863;-544.0344024658203;239.4360122680664
-10.044386610388756;-1.6240954399108887;1.5845105051994324;-110.94193325042725;-422.5304914474487;250.86213684082028
-11.08647845685482;-0.2813100814819336;-0.3564387559890747;-47.46051177978516;-413.7489105224609;203.1757936477661
-7.705220393836498;-1.4572978019714355;0.20144283771514893;-16.882778263092042;-513.7216640472412;182.11696243286133
-9.035021625459194;1.1082887649536133;1.551181823015213;-74.81024608612061;-480.4535175323486;180.52214241027832
-9.79853980243206;-0.5959868431091309;-0.08345469832420349;-130.41469202041625;-440.420611000061;140.27640438079834
-6.556291691958904;1.3095974922180176;-0.4211246967315674;-93.9722620010376;-387.1110702514648;160.32869911193848
-7.317998819053173;-0.6473064422607422;-1.4123216271400452;-112.38819465637208;-486.08132133483883;231.86068153381348
-9.660815075039864;-0.8255124092102051;-0.8830413222312927;-98.9904962539673;-535.0263572692871;168.91035175323486
-6.34241234511137;1.564013957977295;-0.9664580225944519;-108.30704555511475;-443.3746887207031;209.02536964416504
-8.20407997816801;0.6709098815917969;1.4583483338356018;1.0300435066223146;-488.926208114624;226.09713649749756
-8.118329755961895;-0.26661157608032227;-1.1434391140937805;32.40395679473877;-545.9516311645508;169.5084342956543
-11.225977912545204;0.29768943786621094;0.010726600885391235;-34.33733925819397;-395.48415431976315;197.63990020751953
-8.791385404765606;-0.2083897590637207;-1.3266384601593018;23.6221040725708;-429.19718990325924;255.1028022766113
-6.574412249028683;-2.294003963470459;-0.3953196108341217;-27.92455122470856;-493.5243583679199;246.70610046386716
-5.735341273248196;0.14591217041015625;0.750238448381424;-120.69436655044557;-544.9020076751709;202.404447555542
-6.590402685105801;-1.8805861473083496;0.02157837152481079;-97.42676124572755;-464.71314201354977;308.6707363128662
-10.330258682370186;-0.19401311874389648;-0.6937041878700256;-133.0293451309204;-468.1425071716308;155.0979766845703
-10.212275013327599;-1.4320850372314453;0.9113341569900513;-100.24971828460694;-458.15810928344723;255.23915863037107
-5.804041586816311;0.5659103393554688;0.09505301713943481;-161.47007331848144;-494.92894897460934;259.97669792175293
-10.69909818470478;-0.3427863121032715;0.44333338737487793;-38.94600019454956;-493.5118556976318;258.67945289611816
-7.3133474215865135;0.10900497436523438;0.021236389875411987;-77.9837070465088;-399.7010303497314;228.18744277954102
-9.650888666510582;2.315211296081543;-0.3190532326698303;-69.38392624855042;-492.86426315307614;166.96725940704346
-9.523781016469002;0.0561833381652832;1.2083955109119415;-35.75933918952942;-480.122439956665;194.85971546173096
-7.327357493340969;1.9719958305358887;-1.3993419706821442;-164.05370578765869;-435.21816978454586;159.04567337036133
-6.229712627828121;1.279592514038086;0.4342876374721527;-79.31085691452027;-491.1495090484619;244.62688064575192
-7.61671420186758;-1.7953991889953613;-0.7741056382656097;-21.556931591033937;-445.14667758941647;294.17891120910645
-9.639940783381462;0.23020505905151367;-2.210944890975952;-54.63552460670471;-536.9003845214844;297.2189483642578
-7.967549376189709;-0.16100406646728516;-2.616123855113983;-53.179381942749025;-489.18567428588864;289.2223892211914
-6.269807182252407;-0.9616971015930176;-0.39997994899749756;-55.15865550041199;-448.64426383972165;125.98523712158203
-5.761322937905788;0.13239383697509766;0.04259571433067322;-74.79022607803346;-514.8373199462891;176.29601097106934
-8.349723927676678;1.5930891036987305;-0.26110410690307617;-121.35349617004395;-622.7366233825684;161.50007343292236
-5.97968827933073;-1.853013038635254;-0.10329633951187134;-48.56691226959229;-440.74990043640133;255.12826538085935
-9.55156423151493;-0.639796257019043;-1.0236404836177826;-103.90543327331544;-522.4574256896973;160.4227123260498
-7.988470606505871;-1.8485069274902344;2.060578018426895;105.81683292388915;-507.67452011108395;164.86921405792236
-8.07726513594389;-0.05990266799926758;-1.6751423478126526;-38.11241970062256;-393.5399032592773;216.04845142364502
-9.786170348525047;2.2753000259399414;0.9988859295845032;-67.46031389236451;-557.8394390106201;300.90506172180176
-9.059570543467999;1.846611499786377;-1.6088694334030151;-43.330539321899415;-498.54239234924313;93.36900329589844
-7.5481390580534935;-2.215719223022461;-1.1808782815933228;-17.271011924743654;-480.6801391601562;329.69436264038086
-6.945737265050411;2.120804786682129;1.1827558279037476;-10.777355289459228;-572.6325584411621;278.1127510070801
-11.219451203942299;0.04838705062866211;0.10312646627426147;-58.52851495742798;-485.2182079315185;201.98609447479248
-8.666240237653255;-0.5006074905395508;-2.652311325073242;-72.73145542144776;-598.2878089904785;225.65487957000732
-9.706571325659752;-1.4786124229431152;1.2039855122566223;-158.7417589187622;-294.1438318252563;298.60717391967773
-8.33981316536665;0.11469125747680664;0.14725998044013977;22.03068151473999;-421.41600856781;199.57204914093018
-9.73903052508831;-1.8448948860168457;-1.5508711338043213;-0.2235709190368651;-470.6602073669433;147.99271202087402
-7.303818874061108;-1.4629840850830078;-1.0724946856498718;-21.21577069759369;-546.6796756744385;260.3364429473877
-6.739175878465176;-1.0753870010375977;1.1759161949157715;5.710905933380127;-499.0310264587402;180.56517219543457
-9.079827927052975;-0.45769214630126953;1.2245357036590576;-67.30325803756715;-414.1148639678955;213.87315845489502
-8.352318964898586;-0.1519918441772461;2.277050167322159;14.909652614593506;-566.770207977295;209.92644882202148
-8.98719560354948;-2.4115920066833496;-1.42318457365036;-63.15621600151062;-466.96061859130856;346.5479049682617
-7.669462077319622;2.3364901542663574;1.4961004257202148;-208.3789192199707;-469.31888828277584;208.65485286712646
-8.262312971055508;-1.5376925468444824;-0.5687400698661804;-40.56219921112061;-525.4298282623291;249.5242938995361
-7.880735211074352;-2.098989486694336;1.6477994620800018;-54.469349241256715;-525.8398700714112;289.28086853027344
-9.276366792619228;0.9859085083007812;0.12244954705238342;-59.8773334980011;-517.985046005249;253.08892822265622
-9.700952097773552;-1.082611083984375;-1.7692990601062775;-95.57433471679688;-496.74827346801754;127.63164138793945
-9.321456961333752;0.2823829650878906;-1.5044063329696655;-114.13864717483521;-567.9864002227783;268.362642288208
-9.87321250140667;0.6456971168518066;-0.46929270029067993;-118.22085485458375;-401.95897827148434;339.74253273010254
-8.263873122632504;-1.939702033996582;-1.1974900960922241;-51.15004405975342;-397.2497344970703;121.74696063995361
-7.074460946023464;-1.0126948356628418;-0.6115972995758057;-69.00395736694337;-459.37124023437497;275.6897792816162
-8.295818231999874;-1.6337156295776367;2.3506633937358856;-18.474744415283205;-388.48310241699215;222.5742015838623
-7.007240317761898;0.1492023468017578;2.406560629606247;-42.40213737487793;-388.8715721130371;177.08498096466064
-7.290457002818584;-0.6136894226074219;2.458859235048294;-27.981190538406373;-489.9624992370605;212.17190837860107
-9.588824585080147;-2.355802059173584;-0.6912186741828918;-110.98219499588014;-516.3627601623535;131.05584239959717
-9.27684735506773;-1.6640067100524902;-1.6500592231750488;-122.6035915374756;-482.24563369750973;255.321813583374
-8.839756809175014;0.7761955261230469;1.6391783952713013;-22.644406414031984;-486.0913063049316;222.1682653427124
-8.359634689986706;-2.406191825866699;-1.7859488725662231;-158.99231300354003;-442.6218534469604;115.08263683319092
-9.851137921214104;-1.479506492614746;2.036234736442566;-91.43082962036134;-429.63608512878415;297.34037017822266
-10.636600479483604;-0.7495880126953125;0.9223267436027527;-99.94740829467774;-474.3093420028686;205.77727890014648
-9.943229332566261;-1.4782905578613281;-1.3014435768127441;28.27188148498535;-423.11203727722165;141.64122676849365
-8.116239868104458;-1.6175150871276855;-1.6801849007606506;-36.1632119178772;-482.89308319091793;212.56582832336426
-10.33579520881176;0.08919239044189453;1.370101422071457;-12.37723217010498;-391.26776466369625;238.60485649108887
-8.535750769078732;0.13900995254516602;2.618895471096039;50.911871337890624;-444.63804492950436;233.94133186340332
-8.567888103425503;-1.7336010932922363;-1.8956199288368225;3.6212290763854984;-444.4667411804199;242.7885875701904
-8.575507812201977;2.0793914794921875;-1.3057976961135864;-3.0736790657043453;-528.7915016174317;269.0134391784668
-8.87607391923666;-0.2731919288635254;1.9858449697494507;-128.75761613845825;-516.9057537078858;239.63808631896973
-6.727691553533077;0.6850004196166992;-2.209380269050598;-11.702785348892212;-526.1875129699707;205.84004974365234
-10.870404168963432;-1.4741063117980957;0.24681240320205688;-37.53116354942322;-493.00222167968747;208.00006484985352
-5.995032750070095;-0.6799936294555664;0.519910454750061;-11.785247182846069;-536.3256050109864;273.40121841430664
-10.735799744725227;1.429295539855957;-0.5724705755710602;-37.16963932514191;-412.1851325988769;211.61837196350098
-6.870364956557751;-0.1672983169555664;1.6983211040496826;-133.535302734375;-509.6818710327148;129.3074426651001
-7.275836728513241;0.5955934524536133;2.632925659418106;-89.6521674156189;-461.4730764389038;177.2570285797119
-6.1543358489871025;-0.00021457672119140625;1.9229784607887268;-90.91903553009034;-485.56779632568356;186.27982234954834
-7.6164280995726585;1.10321044921875;-2.4226784706115723;-20.942879176139833;-408.4183097839355;106.2469253540039
-10.347196832299232;-0.835418701171875;-1.5674605965614319;-103.53372201919557;-424.2794633865356;235.2300510406494
-7.168141566216946;1.5945911407470703;-1.5634305775165558;-134.9157606124878;-384.9794651031494;115.70855712890625
-9.493382647633553;1.6213059425354004;1.5209734439849854;-81.33127555847169;-495.57742843627926;262.4234161376953
-7.6356081292033195;2.277696132659912;1.5047840774059296;-95.23622617721558;-500.4621673583984;123.68892288208008
-9.847268834710121;-0.7274150848388672;0.16922280192375183;-100.17069683074952;-462.7847696304321;263.82288551330566
-9.297916106879711;-0.3064870834350586;-2.7326032519340515;-31.980106687545778;-432.4435068130493;325.9737739562988
-6.427974812686443;1.7818093299865723;0.6996721029281616;-137.05640659332275;-474.58075294494625;269.9622116088867
-6.256481073796749;-1.3064146041870117;1.7237059772014618;-87.8764449119568;-481.22058639526364;268.0886707305908
-8.465309254825115;-1.0684847831726074;2.055562287569046;-35.18354222774506;-384.74343070983883;241.8118629455566
-10.128498449921608;1.5124082565307617;1.6833633184432983;-104.99830112457276;-486.6150737762451;189.70064735412598
-6.713203154504299;-2.4940967559814453;-0.19479990005493164;35.0185884475708;-570.5995155334473;210.16710376739502
-7.792237959802151;0.4320859909057617;-1.7476335167884827;-106.84299573898316;-315.9534812927246;320.87525939941406
-9.032001905143261;-1.0526061058044434;1.1836521327495575;10.351606750488282;-413.9377952575683;183.63384819030762
-9.372508339583874;1.783597469329834;-1.6280047595500946;-148.807142829895;-375.5824066162109;146.28927326202393
-8.945954404771328;-0.6557106971740723;-0.16520172357559204;-107.86589012145997;-424.46173915863034;208.0649242401123
-8.1784313544631;-0.7510900497436523;1.9313424825668335;47.33205213546753;-440.3263259887695;235.07644271850586
-8.429347537457943;-1.9948840141296387;1.1740654706954956;-62.490130519866945;-514.4911075592041;224.67396354675293
-5.994145385921001;-1.197803020477295;-0.27299076318740845;-154.1705165863037;-511.6489101409912;161.2135419845581
-6.26858901232481;-1.3985037803649902;0.9553894400596619;-60.93591914176941;-504.40428504943844;200.2183256149292
-5.737574212253094;-0.6793856620788574;-1.138119399547577;-108.1404624938965;-450.6760765075683;144.94876956939697
-10.252787545323372;1.2765884399414062;1.0369911789894104;-38.42642412185669;-351.70965919494625;161.44753074645996
-8.274680189788342;-0.8798003196716309;0.2198249101638794;-68.06195840835572;-425.9848190307617;263.66326904296875
-7.37480353564024;0.9811162948608398;0.2364523708820343;-68.24798212051392;-549.2701030731201;286.76162338256836
-6.998963467776775;1.4949917793273926;-0.6210610270500183;47.811409378051756;-478.4696842193603;162.2372875213623
-8.457852713763714;1.5385150909423828;0.272861123085022;-93.6172519683838;-409.3588853836059;194.535418510437
-7.691333256661892;-2.505791187286377;1.0412737727165222;-62.33419761657715;-441.79683456420895;189.8409948348999
-5.784577690064907;-1.549994945526123;-0.3416888415813446;-26.21777937412262;-447.08632240295407;319.6208724975586
-5.992361716926098;1.3350963592529297;0.10753646492958069;-102.3173080444336;-447.0225645065307;215.07305717468262
-8.770339004695415;1.234602928161621;-0.80094113945961;-155.0567184448242;-465.57782897949215;199.78240585327148
-6.960800103843212;2.0082950592041016;1.664896309375763;-95.7512532234192;-488.5383106231689;327.70881271362305
-8.552590571343899;-0.5051136016845703;-2.092994749546051;-98.71919975280763;-479.70581779479977;208.96255588531494
-9.437550231814384;-2.389991283416748;-1.2393951416015625;-138.00107345581054;-501.10692749023434;228.95004844665527
-6.509835831820965;1.3309121131896973;1.8765471875667572;-65.5530487060547;-498.91031990051266;145.4066333770752
-9.25112497061491;2.6082873344421387;-1.1201664805412292;-75.03824100494386;-457.4119974136352;167.4285707473755
-7.877570204436779;2.224302291870117;-1.4572061598300934;-120.74930534362794;-454.76396331787106;210.60649967193604
-9.13477297872305;1.4098048210144043;0.4585772752761841;-23.54389057159424;-395.46379814147946;270.0830898284912
-9.3425078317523;-1.7981171607971191;1.1913970112800598;-44.454374170303346;-391.63456211090084;226.57053565979004
-6.986795179545879;-0.3401041030883789;-1.9276365637779236;-4.013171052932739;-527.2829986572266;258.54547119140625
-9.912526980042458;0.1131892204284668;0.5334153771400452;-60.75210556983948;-455.9642768859863;267.78239822387695
-9.184878878295422;-1.3094186782836914;-0.7748745381832123;-0.9944771289825438;-444.2334247589111;198.91781902313232
-9.161642007529736;-1.5812158584594727;-1.0825306177139282;-78.66229162216187;-549.9104286193848;263.04700469970703
-5.3947387263178825;-0.5972027778625488;0.06844550371170044;-143.92130241394042;-486.6439414978027;237.04774475097656
-5.924732051789761;-0.05600452423095703;1.4109313488006592;-84.18572530746461;-504.7222877502441;197.1372470855713
-6.529322080314159;-1.692187786102295;-0.5227424204349518;-24.16319832801819;-480.7237125396728;239.35455894470215
-9.035408310592175;-0.6257057189941406;-2.634868025779724;40.803440952301024;-497.8844429016113;233.62361526489258
-9.538877382874489;0.8044123649597168;1.5507593750953674;43.28291788101196;-406.5252138137817;298.60156631469727
-9.31470450013876;-0.4345893859863281;-1.714673638343811;44.03650417327881;-501.8752838134765;258.74951934814453
-8.127415738999844;-0.9713172912597656;-1.7334356904029846;-54.020823097229005;-401.53451690673825;275.64818000793457
-8.278783969581127;-1.497495174407959;-2.307334542274475;-8.585160827636718;-517.6055885314942;280.5392417907715
-8.766559325158596;0.9868025779724121;-1.7261289060115814;-48.943515872955324;-507.83676872253415;241.91526031494138
-6.447890214622021;-0.26661157608032227;1.9410789012908936;-123.68005142211915;-474.1419006347656;171.792875289917
-8.604254387319088;1.295793056488037;0.02291053533554077;-136.84224472045898;-490.18494377136227;160.1532039642334
-8.725190721452236;0.9483933448791504;-0.49025416374206543;55.853866481781004;-333.09773216247555;272.9433403015137
-7.650679908692837;1.1706948280334473;-2.466385066509247;-2.767331457138061;-384.88356361389157;67.62444591522217
-8.287076465785503;-0.525212287902832;-1.7359212040901184;-43.2942937374115;-490.046870803833;253.42984771728513
-7.521401904523373;1.0449886322021484;0.870533287525177;59.845916175842284;-527.6674629211426;148.48188972473145
-5.62820490449667;0.616300106048584;0.016446411609649658;-201.27515659332275;-510.16847381591793;137.73711776733398
-9.609580412507057;0.5229949951171875;-2.192102372646332;-87.79042825698853;-315.4002882003784;168.33853340148926
-7.96292033046484;2.75648832321167;-0.2254866063594818;-33.348215675354005;-479.0737319946289;58.84007549285889
-7.374834828078747;-2.4811863899230957;0.6414279341697693;-50.31684980392456;-543.7355972290039;217.04209899902344
-7.3872266337275505;-1.9865155220031738;1.7965435981750488;-156.4419828414917;-379.4941974639892;241.59682846069333
-6.55385535210371;0.2887129783630371;-0.6902173161506653;-10.981861209869384;-497.18183288574215;232.49188041687012
-6.4581988379359245;-0.19190311431884766;2.292260527610779;-45.55475220680237;-439.0426279067993;212.41313552856445
-9.671499207615852;-0.921785831451416;-1.9328445196151733;-144.3399845123291;-498.59028587341305;195.0502166748047
-8.137956820428371;-1.6603946685791016;-0.22141635417938232;-123.66232738494874;-557.0803237915039;211.35633087158203
-6.184179894626141;0.09999275207519531;1.7910495400428772;-121.1821352005005;-478.8228631973266;335.2870903015137
-6.589591316878796;-0.11780261993408203;-2.236063778400421;-32.51024351119995;-405.12773284912106;228.90767669677734
-9.90062691271305;0.2371072769165039;-2.207086980342865;-66.07576475143433;-472.83246765136715;179.13108444213867
-9.707257524132729;-0.12499094009399414;-1.874573528766632;-82.57933244705201;-489.5446182250976;299.2815170288086
-8.275104872882366;-2.852296829223633;0.07781088352203369;-46.57217845916748;-430.9870458602905;236.9919261932373
-7.510067336261272;-2.7937889099121094;0.6609857082366943;16.100446128845213;-443.7352491378784;192.0146141052246
-8.125822059810162;-0.30891895294189453;2.1379396319389343;-64.05945525169373;-512.3627925872803;141.38311958312988
-8.726981095969677;0.8487939834594727;-1.908266544342041;-60.142110443115236;-447.93161163330075;240.13144111633298
-10.365789011120796;1.0375142097473145;-0.5087524652481079;-39.19300661087036;-446.6682554244995;161.5138635635376
-6.310259364545345;-1.923215389251709;-0.3811396658420563;-9.410197591781616;-403.89589080810543;118.03392505645752
-9.720923379063606;-1.551210880279541;1.7893284559249878;-83.834112739563;-473.1193710327148;234.8668155670166
-8.480081520974636;-2.167689800262451;1.9610792398452759;28.361266994476317;-494.7523094177246;286.06948471069336
-6.393571011722088;1.4437079429626465;-0.8127406239509583;-39.94078323841095;-466.77139053344723;253.94763565063474
-10.641247406601906;-1.3082027435302734;-0.338253378868103;-63.23254809379578;-488.9847732543945;307.46764755249023
-6.471272371709347;0.8448958396911621;-1.9965648651123047;-24.065662479400636;-415.92551956176754;224.00206661224365
-8.39457493275404;-1.4998912811279297;-0.4319697618484497;1.189642095565796;-520.0264717102051;211.4040813446045
-8.384539000689983;1.8121004104614258;-2.0313888788223267;13.177453422546387;-418.51686248779293;226.19708633422852
-7.593577913939953;-0.763392448425293;-2.0603924989700317;-10.106112813949585;-549.4840789794922;211.04639625549316
-7.485737465322018;1.7866015434265137;0.6413809955120087;44.486750507354735;-408.36562404632565;283.6244831085205
-7.942061685025692;1.5936970710754395;-0.6362199783325195;-68.09631571769715;-539.4169116973877;240.68605041503903
-9.398206695914268;-2.1287083625793457;-0.1513257622718811;-118.63646135330201;-457.8982139587402;308.940731048584
-6.250607036054134;-0.23120641708374023;0.3077968955039978;38.87523307800293;-437.9756523132324;98.25816249847412
-9.454235807061195;-2.355515956878662;-1.1763319373130798;-72.51116380691529;-428.9019037246704;241.82296371459958
-6.895280443131924;-0.9398102760314941;-1.6879498958587646;41.18985786437988;-630.1312805175781;218.50792980194092
-6.72075804322958;1.7539143562316895;0.9439453482627869;30.935493850708006;-438.34150562286374;223.55873680114746
-6.431468389928341;-0.40100812911987305;0.1878976821899414;-117.47235403060914;-401.2726903915405;319.2235050201416
-6.217139773070812;-0.5548954010009766;1.906033605337143;-134.61216316223144;-420.1457715988159;252.66852951049802
-9.457733854651451;-1.6372919082641602;-1.4759860932826996;-86.68622360229493;-431.3487649917602;363.88378715515137
-7.35191535204649;-1.5095114707946777;-2.128654718399048;-137.15690002441406;-406.01640949249264;211.59545516967773
-9.72905047237873;-2.3333072662353516;-0.5876563489437103;-0.2086935997009276;-403.21473846435543;196.3141736984253
-8.850226365029812;1.2127161026000977;-1.8207773566246033;-63.12608585357666;-531.1299587249756;187.52202129364014
-6.082378886640072;-0.3947138786315918;-1.5337273478507996;-118.4587703704834;-402.9520107269287;220.44806098937988
-6.187588535249233;-0.6959080696105957;-1.6981735825538635;-114.81266126632691;-493.0844760894775;208.95294284820557
-6.623219512403011;-0.19851922988891602;-2.206045389175415;4.13397445678711;-489.028632736206;180.74438667297363
-8.469661138951778;0.3118157386779785;-0.6066285073757172;-76.38443813323975;-464.8905540466308;232.33023262023926
-10.914604738354683;0.0880122184753418;1.1601001024246216;-11.71230182647705;-422.45869407653805;238.9390525817871
-8.60502552241087;-1.976609230041504;-1.0913148522377014;-82.79127702713014;-479.55753097534176;177.51519298553467
-7.97139834612608;-2.0518898963928223;-1.544862985610962;132.5841630935669;-486.88509712219235;177.61037921905518
-9.466404095292091;-1.223909854888916;0.19450485706329346;-47.75344476699829;-445.2852941513061;197.2994384765625
-7.244984619319439;0.244903564453125;1.5516221523284912;0.08227243423461927;-454.6902347564697;298.37388610839844
-8.740327320992947;-0.024819374084472656;-0.17775893211364746;9.016091966629029;-443.49754104614254;168.53695964813232
-8.510401658713818;-2.9860854148864746;-0.03868862986564636;-79.18423519134522;-467.4911380767822;271.84659576416016
-9.138769470155239;-2.0414113998413086;1.391659677028656;-117.09711656570435;-539.5101524353028;243.63587951660153
-6.376534514129162;-0.8489012718200684;0.765913724899292;-39.06741843223572;-468.9925743103027;265.6500492095947
-10.445081815123558;1.6234159469604492;0.35419464111328125;-123.29530820846558;-500.29248008728024;233.53540992736816
-7.166042737662792;2.0166993141174316;-1.5345968306064606;-30.061583375930788;-429.9636150360107;166.65901279449463
-8.829752169549465;-1.0496020317077637;0.1207306981086731;-3.2270656585693356;-505.41322479248043;218.4902629852295
-9.604352340102196;-2.392709255218506;-0.7212817668914795;2.3955847263336185;-455.73745498657223;190.61596012115479
-7.515221647918224;-1.6867876052856445;-2.347898483276367;-115.318647480011;-489.9178958892822;209.3490800857544
-8.16833283752203;1.9086956977844238;0.9545601904392242;-32.31949017047882;-388.132169342041;137.31365776062012
-9.715985879302025;0.25058984756469727;0.21033436059951782;-141.0742555618286;-451.53828868865963;213.79306411743164
-6.756268255412579;-0.13099908828735352;1.5848278999328613;-51.94562659263611;-496.64976844787594;297.9443893432617
-7.245074026286602;-1.5205979347229004;-1.0068945586681366;-14.30157766342163;-476.54478797912594;349.00209045410156
-7.574169896543026;0.8020162582397461;1.694536954164505;-125.87845430374146;-445.50949821472165;228.85501956939697
-6.589931063354015;-1.3682126998901367;-0.1599624752998352;-18.446087694168092;-473.2462001800537;225.7598361968994
-11.165561154484749;-0.5743861198425293;0.2310723066329956;-26.34248242378235;-461.2511611938476;105.31883811950684
-9.947491809725761;-1.7780184745788574;-1.5160627663135529;-62.318987703323366;-452.11811790466305;326.8201217651367
-9.324358217418194;0.6901144981384277;0.9122930467128754;-133.6771951675415;-520.0717044830322;235.10837173461914
-10.422593727707863;-0.6628990173339844;-1.1913880705833435;-4.292750215530395;-519.4889999389649;178.19223976135254
-9.373625926673412;-1.604604721069336;-1.2027382850646973;-31.418087339401247;-454.9828601837158;275.2185688018799
-9.887153282761574;2.0257115364074707;0.22997260093688965;18.199700260162352;-479.53651676177975;209.82010459899902
-7.8389061614871025;1.774585247039795;-0.10643452405929565;39.791690254211424;-430.32996902465817;199.16722869873047
-8.60463883727789;2.2675037384033203;-1.9292190670967102;-41.6234706401825;-484.793489074707;242.118049621582
-8.409803174436092;1.6963005065917969;-1.1673510074615479;-60.31029925346375;-401.03808650970456;274.8629722595215
-7.205010764300823;0.3268003463745117;1.619119942188263;-25.38610682487488;-418.17296752929684;316.31742095947266
-8.146754465997219;-0.43129920959472656;0.9314730763435364;-25.447642064094545;-523.9027286529541;116.85119247436523
-8.915495686233044;-0.7378935813903809;-1.507461816072464;-48.70055422782898;-456.820552444458;165.91315841674805
-7.784937880933285;0.5316853523254395;-0.030957162380218506;57.554637336730956;-532.6472450256348;164.33940982818604
-9.848084673285484;-1.6757011413574219;1.2805335223674774;-45.078549242019655;-484.3258548736572;227.56519889831543
-6.828278861939907;-0.49849748611450195;2.2738784551620483;-85.02548561096192;-503.5896087646484;222.78927898406982
-9.741708263754845;0.03458261489868164;-1.3098925352096558;-140.7866226196289;-492.4285865783691;218.7906847000122
-8.032756112515926;1.7611026763916016;0.5781456828117371;-69.75386366844178;-474.9490524291992;140.58629608154297
-9.266107343137264;0.48758983612060547;-2.2544726729393005;-12.358152723312378;-477.9431129455566;160.7858476638794
-10.349132493138313;-0.02510547637939453;-2.1765992045402527;-85.41324005126954;-491.5904499053955;280.2307376861572
-8.331046812236309;-2.0488858222961426;-0.042285025119781494;-21.293939208984376;-425.6821800231933;277.0628414154053
-9.101457707583904;1.4011144638061523;-1.4500826597213745;-95.07297620773316;-574.3005634307862;220.5479393005371
-6.098579429090023;0.4896998405456543;1.126042753458023;-0.43447122573852526;-485.82820663452145;169.6706829071045
-8.190094493329525;-2.7922868728637695;0.027751922607421875;-111.14960775375367;-363.693053817749;276.53672790527344
-10.575531050562859;-1.7573118209838867;0.13644173741340637;34.04214992523193;-513.4817958831787;234.73043060302734
-8.68882667273283;-1.1855006217956543;1.0823920369148254;-122.0873914718628;-491.3381076812744;166.84655284881592
-10.18778420984745;-1.0625123977661133;-1.2151993811130524;-18.171912288665773;-473.7163234710693;196.0053834915161
-8.84829517453909;0.9786844253540039;-0.8759602904319763;-106.71397075653077;-513.5746646881104;257.9468879699707
-5.982468836009502;-1.5398025512695312;0.8269093930721283;-172.53131732940673;-530.7687545776367;143.78491973876953
-9.79437343776226;-1.4248967170715332;-2.04087495803833;25.20988597869873;-448.25987110137936;183.22455024719238
-8.926001004874706;-1.0958075523376465;-0.22095367312431335;-142.87591323852538;-414.79960689544674;274.3512783050537
-8.301184885203838;-1.6106128692626953;-0.2898573875427246;-40.028511142730714;-412.4804187774658;221.92725276947021
-7.062395475804806;1.817786693572998;1.2183532118797302;10.802518272399903;-492.73900756835934;226.8193874359131
-6.400278769433498;0.4588007926940918;1.507721096277237;-73.78147945404054;-465.5666423797607;252.20121002197263
-9.486572071909904;0.8682847023010254;1.563030481338501;49.12520542144775;-378.08311233520504;178.34965324401855
-6.970478408038616;1.2897849082946777;-1.711197942495346;-166.16735801696777;-491.7100692749023;231.8763885498047
-7.37162958830595;-0.08361339569091797;2.7384884655475616;-144.11201820373535;-496.13784561157223;155.24603462219238
-7.903972081840038;1.1214852333068848;-0.5523674190044403;-75.79725608825684;-506.18040809631344;293.7495574951172
-9.687737748026848;0.5767107009887695;-0.9645178914070129;-108.61760959625245;-441.7029644012451;243.29661941528317
-10.074776038527489;1.6228079795837402;0.11417940258979797;10.613712215423584;-497.05368766784665;168.8675365447998
-8.08780174702406;-1.6517043113708496;2.28692963719368;-108.39257583618165;-435.28411636352536;202.0304832458496
-8.199345879256725;-0.6883978843688965;-1.8159359693527222;-172.76135787963867;-538.789661026001;190.906325340271
-7.008098624646664;2.52760648727417;0.9040743112564087;-50.83260998725891;-575.601356124878;172.67874813079834
-10.003773495554924;0.6279945373535156;-1.5023723244667053;-15.743890857696533;-460.0368572235107;210.54317092895508
-6.698594056069851;0.2533078193664551;0.20086616277694702;-143.83149490356445;-578.3371234893799;239.15093994140625
-6.090146116912365;-1.0982036590576172;-0.5727097392082214;16.75163640975952;-465.76369533538815;159.94949913024902
-9.046208672225475;-0.8417129516601562;-0.18906444311141968;-68.67321596145631;-577.3073841094971;170.8265790939331
-6.896196864545345;1.4739990234375;1.9746802747249603;-138.74330863952636;-614.494817352295;300.7187805175781
-6.551463715732098;0.3756880760192871;-0.43636858463287354;-131.59309730529785;-546.3033653259278;280.2697048187256
-9.833547100424767;0.15070438385009766;2.4881020188331604;-80.93146905899049;-436.0776210784912;328.5343894958496
-9.19430237263441;0.6543874740600586;-0.6132826209068298;81.4216770172119;-388.82336387634274;235.7559356689453
-5.823505483567715;0.25058984756469727;-0.9576648473739624;-96.79401741027833;-544.3335510253906;324.533878326416
-8.972387574613094;2.2495150566101074;1.002413034439087;12.857569599151612;-518.5246635437012;224.4481716156006
-5.650574527680874;0.616300106048584;0.13505816459655762;-65.89634284973145;-405.1599336624145;227.40151977539062
-6.763054244220257;-1.6960859298706055;0.6889186799526215;-116.74605474472047;-429.37018165588375;186.29911994934082
-8.38142093271017;1.4908075332641602;1.563812792301178;-132.05917224884033;-433.3565879821777;194.67084503173828
-6.95494394749403;1.4644145965576172;0.5483239889144897;-132.37899169921874;-517.3881507873535;187.3711452484131
-9.451363608241081;-0.9919881820678711;1.3581901788711548;-39.20354769229889;-469.83670482635495;291.0289821624756
-10.036541149020195;1.6174077987670898;0.24901628494262695;-11.43972144126892;-502.30223426818844;320.2426586151123
-10.800615325570107;-0.7523059844970703;-0.6095409393310547;-10.398791885375976;-412.0569587707519;178.76211261749268
-8.117692731320858;0.8196830749511719;-1.4271251857280731;-67.42262349128724;-416.1467195510864;217.34592533111572
-10.680266842246056;0.9891986846923828;0.6555184721946716;-217.99979553222656;-532.5287986755371;275.6132755279541
-8.637533895671368;1.6528129577636719;0.04108697175979614;-70.39957151412965;-439.46481475830075;279.3780097961426
-7.6646385714411736;-1.8839120864868164;0.4019893705844879;-64.55173358917237;-438.6941410064697;207.75340175628662
-9.443795308470726;0.5512118339538574;0.341932475566864;-68.83404121398927;-531.1052394866944;108.93012142181396
-9.004547260701656;-0.6721973419189453;-1.63467675447464;-38.82035121917725;-438.5008646011352;214.46274375915527
-6.908038817346096;0.5661964416503906;1.6941279172897339;-137.33791694641113;-469.98873958587643;226.52464485168457
-7.7893635258078575;0.5653023719787598;0.017959624528884888;-56.06448040008545;-500.8651138305664;277.4824676513672
-6.728976778686047;0.058901309967041016;0.7339328527450562;-19.228201961517335;-535.1309848785401;187.10748767852783
-8.371583931148052;1.1097908020019531;-1.7198815941810608;13.803180599212647;-500.62198410034176;293.82663345336914
-5.503504537045956;-0.5810022354125977;0.37689507007598877;44.295848751068114;-552.6454807281494;221.72326183319092
-9.922408685088158;-0.5285024642944336;-0.5905754864215851;-11.892192220687866;-561.4576889038086;172.90943241119385
-8.645008318126202;-2.366316318511963;-0.21019354462623596;-44.11664113998413;-462.41830120086667;142.56344890594482
-7.858466170728207;0.05739927291870117;1.534263789653778;-136.55884609222412;-457.9912830352783;159.5054111480713
-9.467662498354912;-2.54209041595459;-0.6460726261138916;-93.0681215286255;-544.6639133453369;238.95135498046875
-6.691126339137554;-0.6557106971740723;-0.869692862033844;-31.563418364524843;-600.0753761291504;45.92556095123291
-9.021936915814877;1.0056853294372559;1.8310792744159698;-157.1606575012207;-497.4394680023193;236.39883613586426
-8.605016581714153;-0.09169578552246094;-1.683381199836731;-16.01986870765686;-458.8094926834106;329.8435935974121
-9.00516863912344;1.8378853797912598;-1.3182856142520905;-46.50457248687744;-501.9223190307617;278.25926399230957
-10.200585052371025;-0.6475925445556641;1.1750668287277222;60.79922332763672;-500.648505783081;209.79255294799805
-9.874622896313667;-1.2719035148620605;-2.2082045674324036;18.43855276107788;-534.331185913086;262.5670967102051
-9.850051626563072;2.0886898040771484;1.0663121938705444;-108.1525074005127;-531.5338779449463;207.10702514648438
-7.315475307404995;-0.32569169998168945;-0.3010466694831848;36.30370988845825;-531.2722660064697;264.6316680908203
-6.210516951978207;-0.15109777450561523;-1.5053652226924896;96.14651813507079;-394.9940324783325;267.50885581970215
-10.028237476944923;0.22748708724975586;0.8891567587852478;-58.35212574005127;-374.28252944946286;317.02784156799316
-8.026736788451672;-1.3084888458251953;-0.3779098391532898;-113.13426361083985;-471.8986726760864;190.88362312316895
-8.379619382321835;0.10328292846679688;0.6351739168167114;23.057323837280272;-512.6043487548828;252.3521575927734
-6.262918375432491;0.8386015892028809;-0.40430501103401184;-32.667057967185976;-419.96803054809567;124.2061243057251
-6.368925981223583;-1.2073874473571777;-0.8215896785259247;-34.71608326435089;-412.9299713134765;195.78222370147705
-7.848662696778774;1.1523842811584473;-2.0804554224014282;-73.63448009490968;-541.4221168518067;304.5296630859375
-8.468561433255672;0.8178949356079102;2.635679394006729;3.6781562805175785;-482.86773452758786;136.2547788619995
-9.36588104814291;-2.1812081336975098;-0.42190253734588623;-28.143238878250123;-467.69644508361813;335.4251346588135
-8.040742389857769;-1.7044901847839355;-0.05822181701660156;-27.132178401947023;-476.07309112548825;268.95570373535156
-6.864113174378872;0.25838613510131836;-0.9673431515693665;-68.01915750503541;-398.81245384216305;200.0636157989502
-9.198515675961971;0.7705092430114746;1.635521650314331;-32.461738443374635;-482.2310997009277;291.86368560791016
-7.837565056979656;0.17230510711669922;-0.9662434458732605;-3.673524713516235;-462.5637699127197;245.2847156524658
-10.460424050688744;2.023601531982422;0.2853691577911377;-33.97605464458466;-425.0776458740234;225.148907661438
-5.545114539563656;0.4384160041809082;0.4638656973838806;-111.69717893600465;-310.7977319717407;178.64988899230957
-9.713933989405632;-0.7292032241821289;1.3822093605995178;-60.27398571968079;-450.0711990356445;161.91108798980713
-7.672589085996151;0.061011314392089844;-1.595941185951233;-2.6557086467742916;-469.06447181701657;212.42775535583496
-9.184610657393932;2.528214454650879;-0.9380936622619629;-76.38133392333985;-439.9842620849609;199.177170753479
-7.204637490212917;1.2054920196533203;-0.28795748949050903;-86.4956151008606;-555.3690029144287;172.59788131713867
-9.044411592185497;2.0104050636291504;0.7661104202270508;-50.055098390579225;-489.5681930541992;303.66489028930664
-5.864395759999752;0.49570798873901367;-0.7178395986557007;-90.76519117355348;-432.4404312133789;274.69863510131836
-7.819388620555401;1.7647147178649902;1.3431139290332794;-103.46753940582276;-429.2417789459228;287.5462303161621
-9.146150015294552;0.9723901748657227;-1.3234063982963562;50.54961576461792;-512.3788715362549;226.84287643432617
-9.395801648497581;1.7827033996582031;-1.520559936761856;-111.27739534378053;-487.62810478210446;209.38505744934082
-11.007089540362358;0.7992982864379883;-0.38580670952796936;-62.13961229324341;-456.1857200622558;264.16723823547363
-9.32979416102171;0.7750153541564941;2.2584982216358185;-125.036026096344;-476.22150669097897;292.739444732666
-8.94594993442297;-1.1675119400024414;1.4305293560028076;-60.857580757141115;-473.8370729446411;232.8336296081543
-7.312522642314434;2.3991823196411133;-1.5003964304924011;-64.45599660873414;-398.1176973342895;99.72503757476807
-6.735443137586117;-0.6376862525939941;-0.6315708160400391;73.41803684234618;-499.2888046264648;276.13524055480957
-9.00807436555624;0.29500722885131836;1.3170227408409119;21.309002780914305;-391.41516456604;166.58376789093018
-7.980193756520748;-2.613508701324463;-0.6291523575782776;-130.94092712402343;-377.38136062622067;274.4172534942627
-8.278707973659039;1.2495875358581543;-2.177164703607559;-9.900913095474243;-411.4393211364746;201.84039688110352
-8.523955754935741;-0.2314925193786621;2.709757536649704;-122.58559570312501;-447.77681598663327;343.35660552978516
-10.194328799843788;-0.8432149887084961;1.1816270649433136;-29.938967084884645;-580.6479431152344;249.42893600463864
-6.928977929055691;0.394284725189209;0.37553831934928894;-12.397273635864257;-458.149726486206;185.5336389541626
-9.339575283229351;-1.9675970077514648;0.943978875875473;48.762921237945555;-369.1591669082641;154.23806762695312
-7.662112824618816;1.5120863914489746;0.6597071886062622;-41.57093152999878;-541.2292839050293;213.30551719665527
-7.665630988776684;1.0306119918823242;-0.5634605884552002;-4.454809284210205;-434.4686962127685;252.36600494384763
-8.082383684813976;-1.497209072113037;0.8444711565971375;-177.84407958984374;-470.10345230102536;163.8557825088501
-8.402279578149319;2.9320120811462402;0.583125650882721;22.516740703582762;-428.4209371566772;146.62728881835938
-9.479591622948647;-0.6386160850524902;-1.882101595401764;-39.686719036102296;-419.65255985260006;275.45820808410645
-7.978937588632107;0.05049705505371094;0.6968647241592407;-22.139963364601137;-386.73742065429684;267.9510555267334
-10.127544030547142;-0.5747079849243164;-0.38062334060668945;-59.95729193687439;-519.1118312835694;179.63943099975586
-7.9962266609072685;-0.14569759368896484;0.8034244179725647;-8.85094985961914;-493.6781955718994;375.4050979614258
-6.272981129586697;0.37990808486938477;-0.34199059009552;2.5770701408386234;-449.3022275924682;262.0617256164551
-7.60123785585165;2.6443004608154297;0.5065374076366425;-92.94472560882569;-457.0523954391479;270.2749214172363
-6.972773931920528;-2.248084545135498;0.7232800126075745;21.543864154815672;-448.43583831787106;233.97821044921875
-8.98239891976118;-0.017595291137695312;-0.9107954800128937;-44.15861592292786;-529.0148330688477;244.0498123168945
-9.121592156589031;-0.6410121917724609;0.39388686418533325;-43.32544312477112;-492.8886390686035;191.91476440429688
-8.462577871978283;-0.4250049591064453;-0.9071901440620422;-61.03027210235596;-453.8044334411621;295.4473457336426
-7.705696485936642;-2.20491886138916;-1.4408446848392487;-120.3685103416443;-469.3262268066406;252.2444972991943
-9.320198558270931;0.7975101470947266;0.15904158353805542;9.943045520782471;-488.2996440887451;182.60396575927734
-8.39871447533369;-0.9271860122680664;1.3637736439704895;-0.2512942314147948;-446.7126155853271;102.8558406829834
-6.273010186851025;-0.817716121673584;-1.8828660249710083;32.144712352752684;-443.1271530151367;135.4081163406372
-10.305631533265114;-0.4198908805847168;-1.7418399453163147;-21.382427072525026;-530.0268054962158;296.0034713745117
-7.217722199857235;-1.7480134963989258;-0.33140257000923157;0.3851760864257814;-520.0626064300537;137.85370445251465
-9.874455258250237;-1.9787192344665527;1.0381489992141724;-71.02929697036744;-548.1911827087403;284.45666885375977
-8.682910166680813;-0.9925961494445801;-0.6245054304599762;-72.95345649719239;-467.50052223205563;201.6836986541748
-10.734396055340767;-0.4310131072998047;-1.4144115149974823;-12.764618253707885;-386.08211765289303;220.98557567596436
-10.43042577803135;-1.1291027069091797;0.6985679268836975;-81.36650905609132;-489.16187057495114;336.849666595459
-8.946151100099087;-2.2909998893737793;-0.9137123823165894;-75.27975425720216;-369.57485923767086;231.6497097015381
-5.402425490319729;0.2982974052429199;-0.40306001901626587;-0.19370541572570787;-437.6076675415039;95.92524147033691
-9.414208307862282;-0.1726984977722168;-1.7224296927452087;-85.24449691772462;-449.6163822174072;149.91202926635742
-10.703906044363976;1.4778971672058105;-0.5469560623168945;-0.39694890975952135;-533.003528213501;219.95105838775635
-8.144438825547695;-0.8555173873901367;1.2669011950492859;-24.581926918029787;-445.3944421768188;193.34075546264648
-10.158563777804375;-0.16669034957885742;-1.9186288118362427;-34.21479449272156;-486.5831733703613;221.05714416503906
-8.00370555371046;-1.0627985000610352;-1.707775890827179;-65.5167709350586;-517.8231407165528;195.71463203430176
-9.48212631046772;1.0077953338623047;-2.4497419595718384;-36.748176670074464;-499.34902915954586;265.74145889282227
-8.830990456044674;0.9766101837158203;-2.477891743183136;-165.12729034423828;-554.1830230712891;245.74662780761716
-6.583911739289761;0.8446097373962402;1.5746980905532837;-59.47709426879883;-478.6052394866943;141.82479000091553
-10.605625435709953;-0.30831098556518555;-0.889306515455246;-9.230282163619995;-449.0179992675781;164.30998420715332
-6.2272315844893456;-1.2872099876403809;-1.237408071756363;-166.1862693786621;-472.14489231109616;270.5979309082031
-7.508507184684277;0.04570484161376953;0.8568406105041504;-28.15262303352356;-404.56093559265133;154.62030029296875
-9.010162018239498;2.588510513305664;1.0034121572971344;-32.74774596691132;-429.97731933593747;309.0307674407959
-8.129608444869518;-1.1284947395324707;-0.05890354514122009;-112.0923005104065;-545.0133586883545;202.3893699645996
-9.612372145056725;-1.604318618774414;0.17705261707305908;7.775434398651123;-342.83186206817624;307.8406105041504
-9.691430255770683;0.5508899688720703;-2.11590975522995;31.046437168121336;-461.73990974426266;299.90430450439453
-6.780674122273922;-1.7264127731323242;1.295439898967743;-70.13240203857423;-401.39734516143795;315.638671875
-8.07190965861082;-2.505791187286377;0.35108551383018494;-169.50173721313476;-576.4615226745606;212.23545169830322
-7.839435897767544;2.500605583190918;0.41908398270606995;-101.63609848022462;-418.7844110488891;178.78242588043213
-9.995375946164131;0.4153132438659668;-0.24497956037521362;-5.1962755680084225;-435.715644454956;283.3996639251709
-9.259363822638988;0.3226161003112793;-1.4206230640411377;-69.07501087188722;-407.31192359924313;200.81480598449707
-9.771677479147911;-2.1131157875061035;-0.5944333970546722;-92.7795587539673;-405.4072834014892;231.19795417785645
-7.590964995324612;2.241396903991699;-1.1984020471572876;20.663255596160887;-470.18336067199704;170.81587886810303
-8.007842861115932;2.37429141998291;0.8747264742851257;-105.38791522979737;-430.21175155639645;180.4650936126709
-10.036583617329597;1.5336871147155762;-0.15927404165267944;-0.6364308357238768;-496.46772155761715;211.6142807006836
-9.736992046236992;-0.8018016815185547;0.5054667592048645;-83.6695037841797;-483.2538581848144;206.13602256774902
-8.443156443536282;-1.1675119400024414;-0.05776137113571167;-13.090646123886108;-425.1695705413818;245.69126701354978
-10.630916431546211;1.3618111610412598;0.9034484624862671;-3.6235927104949948;-584.254806137085;228.56057739257812
-7.078821770846844;1.219010353088379;-1.9901946187019348;-115.4615198135376;-494.64802513122555;209.8829755783081
-8.14120676368475;0.8638143539428711;0.09752288460731506;-91.69360027313233;-407.48883495330807;195.37085151672363
-9.42072607576847;1.3353824615478516;1.0006673634052277;-184.25411567687988;-433.5760427474975;106.49868106842041
-9.776371344923973;-0.7732987403869629;0.9043939411640167;-16.714285469055177;-417.6423908233642;147.44794464111328
-8.139022998511791;1.394212245941162;-1.4246799051761627;2.3926199913024906;-520.980823135376;169.60994338989258
-5.451769195497036;-0.014913082122802734;-0.494210422039032;-113.74260292053224;-455.5460525512695;147.82810306549072
-7.767067663371563;-2.7574896812438965;0.6555050611495972;-40.820124006271364;-536.6008640289307;260.7385597229004
-6.304997764527798;0.9300827980041504;-1.7872408032417297;-149.9942241668701;-392.03124294281;161.01514434814453
-5.688619427382946;-0.3530144691467285;-1.1410631239414215;-145.0588165283203;-399.52141532897946;150.17239665985107
-6.308053247630596;-1.5266060829162598;-0.47603175044059753;-31.409291481971742;-496.0735012054443;323.00952529907227
-8.217055164277554;1.5576839447021484;-1.0769248008728027;-38.39404091835022;-395.7851196289062;333.8554916381836
-5.937736295163631;-0.07070302963256836;-1.815030723810196;5.4986144542694095;-470.33443698883053;217.07720375061035
-10.8881626278162;-0.587010383605957;-0.947830080986023;-65.25228009223939;-431.204097366333;145.85650062561035
-9.32054277509451;1.1955857276916504;2.099338173866272;-98.66760120391847;-538.7765861511231;267.56410217285156
-8.378863893449306;0.23109912872314453;-1.860809326171875;-121.78488121032716;-558.9383865356446;338.03807830810547
-8.662129752337933;-0.29958486557006836;1.7117388546466827;-44.73320589065552;-529.6221424102783;225.95567321777344
-8.727814815938473;-0.9856939315795898;1.0808095335960388;-67.01239213943482;-606.4408660888672;211.5319118499756
-7.36947488039732;-1.5464186668395996;-1.4777272939682007;35.58107986450195;-494.644448852539;215.85471725463867
-7.018130086362362;-0.15109777450561523;-0.4131518304347992;-77.36329421997071;-424.9853492736816;269.3581066131592
-8.173156343400478;0.48308372497558594;2.4241670966148376;-27.94864640235901;-512.6055503845215;230.78731155395508
-9.01020672172308;-0.05600452423095703;-0.7673755288124084;-84.41980705261231;-497.93290863037106;205.80305671691895
-8.351612649857998;2.5641918182373047;-1.1902391910552979;-8.916874980926513;-403.26058635711667;244.5580730438232
-9.019082598388195;0.5197048187255859;-2.346530556678772;-31.851995444297792;-470.7585550308227;307.04281425476074
-9.571868553757668;1.7719030380249023;0.5438625812530518;-18.801526880264284;-533.7676788330078;379.85364532470703
-6.860177032649517;-0.09620189666748047;-0.035731494426727295;-53.38747129440308;-510.3817058563232;126.12660026550293
-6.496196798980236;-0.34339427947998047;1.860029250383377;-51.41013250350952;-445.62124977111813;121.84200382232666
-10.39307601749897;0.969386100769043;-0.33339858055114746;-51.22627959251404;-567.4172283172608;273.34365463256836
-9.982286766171455;-0.9485006332397461;-1.1039972305297852;26.328045272827147;-403.38863143920895;222.60381317138672
-10.784611478447914;-1.1666178703308105;0.11879503726959229;15.071879768371582;-451.8807817459106;161.86040496826172
-7.434782199561596;-0.10188817977905273;-0.15866830945014954;-44.615138626098634;-513.2315994262696;182.0006618499756
-7.206403277814388;-1.0889053344726562;2.5014325976371765;-88.7940393447876;-329.2772937774658;245.92381095886228
-8.51143877953291;0.10271072387695312;-1.2849122285842896;-23.984255647659303;-541.5302349090576;295.79979515075684
-8.465000800788403;-0.5092978477478027;-1.6833901405334473;70.06571903228759;-440.7455373764038;207.85629844665527
-8.33150502294302;-1.418602466583252;-1.9826129078865051;-98.92572269439698;-410.56047210693356;250.22844886779782
-9.194633178412914;0.32651424407958984;-0.5851686000823975;-6.849131441116333;-454.30089244842526;99.09720039367676
-9.86023060977459;2.118086814880371;-0.9872496128082275;-15.058622217178344;-397.72077331542965;321.32423973083496
-7.33549352735281;0.3966808319091797;-2.2336989641189575;-23.69941041469574;-515.1211048126221;258.7669143676758
-9.027283452451229;0.3121018409729004;2.0147480070590973;-99.16596279144288;-527.4199272155762;215.58025932312012
-10.161346569657326;-1.498103141784668;1.3403445482254028;8.087604188919068;-448.3148170471191;206.39827823638916
-9.532107040286064;-0.542914867401123;-1.6315430402755737;-144.50540885925292;-440.5605865478515;296.370512008667
-8.858261816203594;-2.073490619659424;-0.34128427505493164;-30.22924647331238;-464.81070289611813;227.91741943359375
-10.504526272416115;-1.3985037803649902;0.24624019861221313;21.11280813217163;-472.5403858184814;322.913537979126
-6.481768749654293;-1.9997119903564453;-0.20308569073677063;-95.21223649978639;-450.50912151336667;315.8998260498047
-8.940800093114376;-1.9159913063049316;-1.3280242681503296;-42.38851532936096;-512.894885635376;174.2916784286499
-7.3338596150279045;-1.0705947875976562;1.3358697295188904;34.134274864196776;-422.9749370574951;132.44110679626465
-8.817449770867825;-1.8928885459899902;-0.12175440788269043;-45.328198528289796;-506.1849571228027;151.23343563079834
-8.490781299769878;-1.047205924987793;-0.6823137402534485;-119.41619739532472;-435.74376831054684;291.173921585083
-9.096325747668743;-2.609896659851074;-0.09141415357589722;-50.84493384361267;-515.8163906097412;167.51813507080078
-9.148313663899899;-1.8103837966918945;0.0455707311630249;-39.93334279060364;-424.4106985092163;148.45845794677734
-9.114529006183147;-0.162506103515625;2.3405134677886963;-80.10244474411012;-474.87709770202633;226.19582748413086
-9.962818399071693;-1.1863946914672852;-0.47136247158050537;78.40511455535888;-302.15203533172604;236.10223388671875
-10.46442948281765;-0.48590898513793945;1.7323695123195648;-22.251705980300905;-549.3176246643067;239.32383155822754
-9.742897376418114;-1.0051846504211426;2.3265257477760315;-1.1963902473449706;-563.1483531951905;291.8788776397705
-5.814164690673351;1.1989116668701172;1.174190640449524;-39.41579089164734;-434.0009618759155;201.04420280456543
-9.018952958285809;-0.07338523864746094;1.9802525639533997;-61.138719177246095;-528.0038333892822;172.43577575683594
-8.650685660541058;-2.0773887634277344;1.188010722398758;-17.98119649887085;-590.8219123840332;316.4986095428467
-6.40485193580389;0.7705092430114746;1.8545284867286682;-12.231373643875122;-492.5442291259765;285.4200897216797
-9.510564431548119;0.37990808486938477;-0.7659852504730225;-93.37264881134034;-486.75217399597165;197.73992156982422
-6.169481389224529;0.5253911018371582;-0.2033919095993042;-67.30671272277833;-401.9899345397949;168.4541187286377
-10.117443278431892;-0.6376862525939941;-2.0308345556259155;-55.80073699951172;-427.63442764282223;208.38801956176758
-10.02085693180561;-1.667618751525879;-1.335132122039795;-6.212628936767578;-497.7562690734863;216.10830402374268
-7.657492719590664;1.773691177368164;1.3322420418262482;-89.92224082946778;-485.9229351043701;213.9233980178833
-5.7541994377970695;-0.7853150367736816;-0.9307309985160828;22.138091468811034;-534.6033550262451;298.2210216522217
-6.323247961699963;0.5460977554321289;0.16021728515625;-108.0556474685669;-466.14027748107907;163.28445053100586
-7.379906438291073;-2.135896682739258;-0.7487878203392029;-115.64666376113892;-534.6392322540283;263.634916305542
